17
0.232233 1.76777 5 1.5708 4
9.23223 1.76777 5 1.5708 4
12.2322 1.76777 5 1.5708 4
-1.76777 5.3033 5 1.5708 4
18.2322 5.3033 5 1.5708 4
-0.767767 8.83883 5 1.5708 4
8.23223 8.83883 5 1.5708 4
12.2322 8.83883 5 1.5708 4
-1.76777 12.3744 5 1.5708 4
2.23223 12.3744 5 1.5708 4
13.2322 12.3744 5 1.5708 4
17.2322 12.3744 5 1.5708 4
-1.76777 15.9099 5 1.5708 4
4.23223 15.9099 5 1.5708 4
7.23223 15.9099 5 1.5708 4
5.23223 19.4454 5 1.5708 4
14.2322 19.4454 5 1.5708 4
16
9.23223 1.76777 12.2322 1.76777
4.23223 15.9099 7.23223 15.9099
-1.76777 12.3744 -1.76777 15.9099
-0.767767 8.83883 -1.76777 12.3744
4.23223 15.9099 5.23223 19.4454
12.2322 8.83883 13.2322 12.3744
-1.76777 5.3033 -0.767767 8.83883
13.2322 12.3744 17.2322 12.3744
8.23223 8.83883 12.2322 8.83883
-1.76777 12.3744 2.23223 12.3744
0.232233 1.76777 -1.76777 5.3033
2.23223 12.3744 4.23223 15.9099
8.23223 8.83883 2.23223 12.3744
12.2322 1.76777 18.2322 5.3033
18.2322 5.3033 12.2322 8.83883
13.2322 12.3744 14.2322 19.4454
