73
0.232233 1.76777 5 1.5708 4
9.23223 1.76777 5 1.5708 4
12.2322 1.76777 5 1.5708 4
-1.76777 5.3033 5 1.5708 4
18.2322 5.3033 5 1.5708 4
-0.767767 8.83883 5 1.5708 4
8.23223 8.83883 5 1.5708 4
12.2322 8.83883 5 1.5708 4
-1.76777 12.3744 5 1.5708 4
2.23223 12.3744 5 1.5708 4
13.2322 12.3744 5 1.5708 4
17.2322 12.3744 5 1.5708 4
-1.76777 15.9099 5 1.5708 4
4.23223 15.9099 5 1.5708 4
7.23223 15.9099 5 1.5708 4
5.23223 19.4454 5 1.5708 4
14.2322 19.4454 5 1.5708 4
-0.117837 4.24314 5 1.5708 8
-0.417697 6.36347 5 1.5708 8
-0.057865 3.81907 5 1.5708 9
-1.752 5.0934 5 1.5708 9
-0.477669 6.78753 5 1.5708 9
10.2086 4.0692 5 1.5708 8
11.2558 6.5374 5 1.5708 8
9.99922 3.57556 5 1.5708 9
9.0045 6.03632 5 1.5708 9
11.4652 7.03104 5 1.5708 9
0.732233 15.9099 5 1.5708 8
4.73223 15.9099 5 1.5708 8
-0.067767 15.9099 5 1.5708 9
2.73223 18.7099 5 1.5708 9
5.53223 15.9099 5 1.5708 9
14.9053 11.4603 5 1.5708 8
10.5591 9.75293 5 1.5708 8
15.7746 11.8017 5 1.5708 9
13.9274 7.56425 5 1.5708 9
9.68989 9.41145 5 1.5708 9
7.51819 10.5055 5 1.5708 8
6.94628 10.7077 5 1.5708 8
8.6967 10.0888 5 1.5708 9
5.76777 11.1244 5 1.5708 9
-0.694249 6.68118 5 1.5708 8
-0.841285 7.46096 5 1.5708 8
-0.462629 5.45283 5 1.5708 9
-1.07291 8.68931 5 1.5708 9
14.3642 6.29044 5 1.5708 8
15.1002 7.8517 5 1.5708 8
14.217 5.97818 5 1.5708 9
13.6394 7.58626 5 1.5708 9
15.2474 8.16395 5 1.5708 9
9.05699 14.5977 5 1.5708 8
12.4075 13.6865 5 1.5708 8
8.38689 14.78 5 1.5708 9
11.3701 16.4875 5 1.5708 9
13.0776 13.5043 5 1.5708 9
3.08004 6.52756 5 1.5708 8
7.38443 7.61458 5 1.5708 8
2.21916 6.31015 5 1.5708 9
4.47132 10.0841 5 1.5708 9
8.24531 7.83198 5 1.5708 9
15.5931 14.6342 5 1.5708 8
16.8714 10.1146 5 1.5708 8
15.3374 15.5381 5 1.5708 9
19.396 13.2692 5 1.5708 9
17.1271 9.21063 5 1.5708 9
6.80553 10.3532 5 1.5708 8
13.6589 7.32443 5 1.5708 8
4.47405 9.45091 5 1.5708 9
9.13701 11.2556 5 1.5708 9
7.90075 7.93651 5 1.5708 9
12.5637 9.74116 5 1.5708 9
11.3275 6.4221 5 1.5708 9
15.9904 8.22676 5 1.5708 9
72
14.217 5.97818 14.3642 6.29044
15.2474 8.16395 15.1002 7.8517
-0.057865 3.81907 -0.117837 4.24314
-0.477669 6.78753 -0.417697 6.36347
9.99922 3.57556 10.2086 4.0692
11.4652 7.03104 11.2558 6.5374
13.0776 13.5043 12.4075 13.6865
8.38689 14.78 9.05699 14.5977
5.53223 15.9099 4.73223 15.9099
-0.067767 15.9099 0.732233 15.9099
2.21916 6.31015 3.08004 6.52756
8.24531 7.83198 7.38443 7.61458
9.68989 9.41145 10.5591 9.75293
15.7746 11.8017 14.9053 11.4603
17.1271 9.21063 16.8714 10.1146
15.3374 15.5381 15.5931 14.6342
-0.462629 5.45283 -0.694249 6.68118
5.76777 11.1244 6.94628 10.7077
8.6967 10.0888 7.51819 10.5055
-1.07291 8.68931 -0.841285 7.46096
14.217 5.97818 13.6394 7.58626
13.6394 7.58626 15.2474 8.16395
-0.057865 3.81907 -1.752 5.0934
-1.752 5.0934 -0.477669 6.78753
11.2558 6.5374 12.2322 8.83883
4.47405 9.45091 6.80553 10.3532
10.5591 9.75293 8.23223 8.83883
-0.417697 6.36347 -0.767767 8.83883
15.9904 8.22676 13.6589 7.32443
4.73223 15.9099 7.23223 15.9099
0.732233 15.9099 -1.76777 15.9099
-0.117837 4.24314 0.232233 1.76777
10.2086 4.0692 9.23223 1.76777
14.9053 11.4603 17.2322 12.3744
9.99922 3.57556 9.0045 6.03632
9.0045 6.03632 11.4652 7.03104
7.23223 15.9099 4.23223 15.9099
8.6967 10.0888 5.76777 11.1244
-0.462629 5.45283 -1.07291 8.68931
11.3701 16.4875 13.0776 13.5043
8.38689 14.78 11.3701 16.4875
12.5637 9.74116 11.3275 6.4221
9.13701 11.2556 7.90075 7.93651
-0.767767 8.83883 -1.76777 5.3033
-0.067767 15.9099 2.73223 18.7099
2.73223 18.7099 5.53223 15.9099
12.2322 8.83883 8.23223 8.83883
17.2322 12.3744 13.2322 12.3744
7.23223 15.9099 5.23223 19.4454
2.21916 6.31015 4.47132 10.0841
4.47132 10.0841 8.24531 7.83198
15.7746 11.8017 13.9274 7.56425
13.9274 7.56425 9.68989 9.41145
19.396 13.2692 17.1271 9.21063
15.3374 15.5381 19.396 13.2692
15.5931 14.6342 14.2322 19.4454
16.8714 10.1146 18.2322 5.3033
7.38443 7.61458 12.2322 8.83883
4.47405 9.45091 9.13701 11.2556
7.90075 7.93651 12.5637 9.74116
11.3275 6.4221 15.9904 8.22676
14.3642 6.29044 12.2322 1.76777
12.4075 13.6865 17.2322 12.3744
6.94628 10.7077 2.23223 12.3744
3.08004 6.52756 -1.76777 5.3033
-0.694249 6.68118 0.232233 1.76777
15.1002 7.8517 17.2322 12.3744
6.80553 10.3532 2.23223 12.3744
9.05699 14.5977 4.23223 15.9099
7.51819 10.5055 12.2322 8.83883
-0.841285 7.46096 -1.76777 12.3744
13.6589 7.32443 18.2322 5.3033
