58
0.232233 1.76777 5 1.5708 4
9.23223 1.76777 5 1.5708 4
12.2322 1.76777 5 1.5708 4
-1.76777 5.3033 5 1.5708 4
18.2322 5.3033 5 1.5708 4
-0.767767 8.83883 5 1.5708 4
8.23223 8.83883 5 1.5708 4
12.2322 8.83883 5 1.5708 4
-1.76777 12.3744 5 1.5708 4
2.23223 12.3744 5 1.5708 4
13.2322 12.3744 5 1.5708 4
17.2322 12.3744 5 1.5708 4
-1.76777 15.9099 5 1.5708 4
4.23223 15.9099 5 1.5708 4
7.23223 15.9099 5 1.5708 4
5.23223 19.4454 5 1.5708 4
14.2322 19.4454 5 1.5708 4
6.07836 10.108 5 1.5708 8
4.38611 11.1052 5 1.5708 8
6.41681 9.90858 5 1.5708 9
4.53422 9.42203 5 1.5708 9
4.04766 11.3046 5 1.5708 9
14.3861 3.03695 5 1.5708 8
16.0784 4.03412 5 1.5708 8
14.0477 2.83752 5 1.5708 9
14.5342 4.72011 5 1.5708 9
16.4168 4.23355 5 1.5708 9
16.0784 6.57248 5 1.5708 8
14.3861 7.56965 5 1.5708 8
16.4168 6.37305 5 1.5708 9
14.5342 5.88649 5 1.5708 9
14.0477 7.76909 5 1.5708 9
13.5823 14.8497 5 1.5708 8
13.8822 16.9701 5 1.5708 8
13.5223 14.4257 5 1.5708 9
12.248 16.1198 5 1.5708 9
13.9421 17.3941 5 1.5708 9
13.2004 1.51754 5 1.5708 11
11.3414 3.62675 5 1.5708 11
-1.06066 13.0815 5 1.5708 11
-3.03553 10.8137 5 1.5708 11
4.93934 15.2028 5 1.5708 11
2.96447 17.4706 5 1.5708 11
14.0262 9.30248 5 1.5708 11
12.775 14.1434 5 1.5708 11
-0.836639 9.83646 5 1.5708 11
-3.56878 8.03544 5 1.5708 11
15.7868 14.2959 5 1.5708 11
7.14084 8.55676 5 1.5708 11
11.9818 9.80791 5 1.5708 11
13.2329 4.96697 5 1.5708 11
0.232233 14.3744 5 1.5708 11
3.76777 10.8388 5 1.5708 11
-1.56656 6.28285 5 1.5708 11
-2.92471 3.12591 5 1.5708 11
2.75206 10.3631 5 1.5708 11
1.50091 15.204 5 1.5708 11
6.34185 16.4551 5 1.5708 11
57
16.4168 6.37305 16.0784 6.57248
6.41681 9.90858 6.07836 10.108
4.04766 11.3046 4.38611 11.1052
14.0477 7.76909 14.3861 7.56965
16.4168 4.23355 16.0784 4.03412
14.0477 2.83752 14.3861 3.03695
13.9421 17.3941 13.8822 16.9701
13.5223 14.4257 13.5823 14.8497
12.2322 1.76777 13.2004 1.51754
-0.767767 8.83883 -0.836639 9.83646
4.23223 15.9099 4.93934 15.2028
-1.76777 12.3744 -1.06066 13.0815
-1.76777 5.3033 -1.56656 6.28285
8.23223 8.83883 7.14084 8.55676
13.2322 12.3744 12.775 14.1434
12.2322 8.83883 14.0262 9.30248
16.4168 6.37305 14.5342 5.88649
14.5342 5.88649 14.0477 7.76909
6.41681 9.90858 4.53422 9.42203
4.53422 9.42203 4.04766 11.3046
14.5342 4.72011 16.4168 4.23355
14.0477 2.83752 14.5342 4.72011
2.23223 12.3744 2.75206 10.3631
12.248 16.1198 13.9421 17.3941
13.5223 14.4257 12.248 16.1198
2.23223 12.3744 3.76777 10.8388
4.23223 15.9099 6.34185 16.4551
17.2322 12.3744 15.7868 14.2959
12.2322 1.76777 14.3861 3.03695
14.2322 19.4454 13.8822 16.9701
18.2322 5.3033 16.0784 6.57248
18.2322 5.3033 16.0784 4.03412
8.23223 8.83883 6.07836 10.108
2.23223 12.3744 4.38611 11.1052
12.2322 8.83883 14.3861 7.56965
13.2322 12.3744 13.5823 14.8497
13.2004 1.51754 11.3414 3.62675
9.23223 1.76777 11.3414 3.62675
-1.76777 12.3744 0.232233 14.3744
4.23223 15.9099 7.23223 15.9099
4.93934 15.2028 2.96447 17.4706
-1.06066 13.0815 -3.03553 10.8137
5.23223 19.4454 2.96447 17.4706
-0.767767 8.83883 -3.03553 10.8137
13.2322 12.3744 15.7868 14.2959
-1.76777 5.3033 -3.56878 8.03544
-0.836639 9.83646 -3.56878 8.03544
-1.56656 6.28285 -2.92471 3.12591
0.232233 1.76777 -2.92471 3.12591
-1.76777 12.3744 -1.76777 15.9099
12.2322 8.83883 13.2329 4.96697
11.9818 9.80791 13.2329 4.96697
0.232233 14.3744 3.76777 10.8388
7.14084 8.55676 11.9818 9.80791
2.75206 10.3631 1.50091 15.204
1.50091 15.204 6.34185 16.4551
14.0262 9.30248 12.775 14.1434
