84
0.232233 1.76777 5 1.5708 4
9.23223 1.76777 5 1.5708 4
12.2322 1.76777 5 1.5708 4
-1.76777 5.3033 5 1.5708 4
18.2322 5.3033 5 1.5708 4
-0.767767 8.83883 5 1.5708 4
8.23223 8.83883 5 1.5708 4
12.2322 8.83883 5 1.5708 4
-1.76777 12.3744 5 1.5708 4
2.23223 12.3744 5 1.5708 4
13.2322 12.3744 5 1.5708 4
17.2322 12.3744 5 1.5708 4
-1.76777 15.9099 5 1.5708 4
4.23223 15.9099 5 1.5708 4
7.23223 15.9099 5 1.5708 4
5.23223 19.4454 5 1.5708 4
14.2322 19.4454 5 1.5708 4
14.2735 10.2822 5 1.5708 8
15.191 10.931 5 1.5708 8
14.09 10.1525 5 1.5708 9
14.2781 11.2489 5 1.5708 9
15.3745 11.0607 5 1.5708 9
4.27347 13.8177 5 1.5708 8
5.19099 14.4665 5 1.5708 8
4.08997 13.688 5 1.5708 9
4.27809 14.7844 5 1.5708 9
5.3745 14.5963 5 1.5708 9
-1.76777 7.8033 5 1.5708 8
-1.76777 9.87437 5 1.5708 8
-1.76777 7.38909 5 1.5708 9
-3.21751 8.83883 5 1.5708 9
-1.76777 10.2886 5 1.5708 9
-1.4177 13.4345 5 1.5708 8
-1.11784 11.3142 5 1.5708 8
-1.47767 13.8586 5 1.5708 9
0.216464 12.5843 5 1.5708 9
-1.05786 10.8901 5 1.5708 9
4.25582 17.144 5 1.5708 8
3.20865 14.6758 5 1.5708 8
4.46525 17.6376 5 1.5708 9
5.45997 15.1769 5 1.5708 9
2.99922 14.1822 5 1.5708 9
16.7889 7.34454 5 1.5708 8
14.6756 10.3331 5 1.5708 8
17.2115 6.74683 5 1.5708 9
13.6402 7.35956 5 1.5708 9
14.253 10.9308 5 1.5708 9
4.73223 15.9099 5 1.5708 8
0.732233 15.9099 5 1.5708 8
5.53223 15.9099 5 1.5708 9
2.73223 13.1099 5 1.5708 9
-0.067767 15.9099 5 1.5708 9
14.9053 11.4603 5 1.5708 8
10.5591 9.75293 5 1.5708 8
15.7746 11.8017 5 1.5708 9
13.9274 7.56425 5 1.5708 9
9.68989 9.41145 5 1.5708 9
-1.76777 10.9099 5 1.5708 8
-1.76777 10.3033 5 1.5708 8
-1.76777 12.1599 5 1.5708 9
-1.76777 9.0533 5 1.5708 9
12.7016 6.74569 5 1.5708 8
12.7629 7.39644 5 1.5708 8
12.5842 5.50121 5 1.5708 9
12.8802 8.64093 5 1.5708 9
13.3058 14.532 5 1.5708 8
13.1587 13.7522 5 1.5708 8
13.5374 15.7604 5 1.5708 9
12.9271 12.5239 5 1.5708 9
10.9966 6.44614 5 1.5708 8
11.4679 7.696 5 1.5708 8
10.9023 6.19617 5 1.5708 9
10.3573 7.40101 5 1.5708 9
11.5622 7.94597 5 1.5708 9
9.47812 13.0119 5 1.5708 8
7.98635 15.2723 5 1.5708 8
9.77647 12.5599 5 1.5708 9
7.14997 13.0979 5 1.5708 9
7.68799 15.7244 5 1.5708 9
-0.467907 6.7185 5 1.5708 8
-1.06763 10.9592 5 1.5708 8
-0.347963 5.87037 5 1.5708 9
-3.73623 8.41903 5 1.5708 9
-1.18757 11.8073 5 1.5708 9
83
15.3745 11.0607 15.191 10.931
5.3745 14.5963 5.19099 14.4665
4.08997 13.688 4.27347 13.8177
14.09 10.1525 14.2735 10.2822
11.5622 7.94597 11.4679 7.696
10.9023 6.19617 10.9966 6.44614
-1.76777 10.2886 -1.76777 9.87437
-1.76777 7.38909 -1.76777 7.8033
-1.47767 13.8586 -1.4177 13.4345
-1.05786 10.8901 -1.11784 11.3142
4.46525 17.6376 4.25582 17.144
2.99922 14.1822 3.20865 14.6758
7.68799 15.7244 7.98635 15.2723
9.77647 12.5599 9.47812 13.0119
14.253 10.9308 14.6756 10.3331
17.2115 6.74683 16.7889 7.34454
5.53223 15.9099 4.73223 15.9099
-0.067767 15.9099 0.732233 15.9099
-0.347963 5.87037 -0.467907 6.7185
-1.18757 11.8073 -1.06763 10.9592
9.68989 9.41145 10.5591 9.75293
15.7746 11.8017 14.9053 11.4603
4.27809 14.7844 5.3745 14.5963
4.08997 13.688 4.27809 14.7844
14.2781 11.2489 15.3745 11.0607
14.09 10.1525 14.2781 11.2489
-1.76777 9.0533 -1.76777 10.3033
-1.76777 12.1599 -1.76777 10.9099
12.8802 8.64093 12.7629 7.39644
12.5842 5.50121 12.7016 6.74569
13.5374 15.7604 13.3058 14.532
12.9271 12.5239 13.1587 13.7522
10.3573 7.40101 11.5622 7.94597
10.9023 6.19617 10.3573 7.40101
-3.21751 8.83883 -1.76777 10.2886
-1.76777 7.38909 -3.21751 8.83883
-1.47767 13.8586 0.216464 12.5843
0.216464 12.5843 -1.05786 10.8901
4.25582 17.144 5.23223 19.4454
-1.4177 13.4345 -1.76777 15.9099
14.6756 10.3331 13.2322 12.3744
14.2735 10.2822 12.2322 8.83883
5.19099 14.4665 7.23223 15.9099
10.5591 9.75293 8.23223 8.83883
15.191 10.931 17.2322 12.3744
-1.11784 11.3142 -0.767767 8.83883
0.732233 15.9099 -1.76777 15.9099
-1.76777 9.87437 -1.76777 12.3744
4.73223 15.9099 7.23223 15.9099
-1.76777 7.8033 -1.76777 5.3033
16.7889 7.34454 18.2322 5.3033
4.27347 13.8177 2.23223 12.3744
14.9053 11.4603 17.2322 12.3744
3.20865 14.6758 2.23223 12.3744
4.46525 17.6376 5.45997 15.1769
5.45997 15.1769 2.99922 14.1822
7.14997 13.0979 7.68799 15.7244
9.77647 12.5599 7.14997 13.0979
-1.76777 12.1599 -1.76777 9.0533
12.5842 5.50121 12.8802 8.64093
13.5374 15.7604 12.9271 12.5239
13.6402 7.35956 14.253 10.9308
17.2115 6.74683 13.6402 7.35956
12.2322 8.83883 13.2322 12.3744
5.23223 19.4454 4.23223 15.9099
5.53223 15.9099 2.73223 13.1099
2.73223 13.1099 -0.067767 15.9099
-0.347963 5.87037 -3.73623 8.41903
-3.73623 8.41903 -1.18757 11.8073
15.7746 11.8017 13.9274 7.56425
13.9274 7.56425 9.68989 9.41145
7.98635 15.2723 5.23223 19.4454
-1.06763 10.9592 -1.76777 15.9099
9.47812 13.0119 12.2322 8.83883
12.7016 6.74569 12.2322 1.76777
-1.76777 10.3033 -1.76777 5.3033
-1.76777 10.9099 -1.76777 15.9099
10.9966 6.44614 9.23223 1.76777
-0.467907 6.7185 0.232233 1.76777
11.4679 7.696 13.2322 12.3744
13.1587 13.7522 12.2322 8.83883
13.3058 14.532 14.2322 19.4454
12.7629 7.39644 13.2322 12.3744
