62
0.232233 1.76777 5 1.5708 4
9.23223 1.76777 5 1.5708 4
12.2322 1.76777 5 1.5708 4
-1.76777 5.3033 5 1.5708 4
18.2322 5.3033 5 1.5708 4
-0.767767 8.83883 5 1.5708 4
8.23223 8.83883 5 1.5708 4
12.2322 8.83883 5 1.5708 4
-1.76777 12.3744 5 1.5708 4
2.23223 12.3744 5 1.5708 4
13.2322 12.3744 5 1.5708 4
17.2322 12.3744 5 1.5708 4
-1.76777 15.9099 5 1.5708 4
4.23223 15.9099 5 1.5708 4
7.23223 15.9099 5 1.5708 4
5.23223 19.4454 5 1.5708 4
14.2322 19.4454 5 1.5708 4
1 4.53553 5 1.5708 11
-0.804154 5.036 5 1.5708 11
-2.68738 6.95561 5 1.5708 11
-1.48161 8.13853 5 1.5708 11
0.493234 10.3995 5 1.5708 11
-1.70036 11.3766 5 1.5708 11
-0.232928 13.8418 5 1.5708 11
1.51044 15.2194 5 1.5708 11
3.23232 15.9232 5 1.5708 11
5.99338 16.6844 5 1.5708 11
3.35962 15.4215 5 1.5708 11
5.54013 13.7294 5 1.5708 11
-0.870009 11.9339 5 1.5708 11
-3.3069 13.473 5 1.5708 11
10.7322 0.267767 5 1.5708 11
10.2322 6.83883 5 1.5708 11
11.5251 8.13173 5 1.5708 11
14.5 9.39949 5 1.5708 11
12.8589 11.4467 5 1.5708 11
14.5817 14.0972 5 1.5708 11
6.07836 10.108 5 1.5708 8
4.38611 11.1052 5 1.5708 8
6.41681 9.90858 5 1.5708 9
4.53422 9.42203 5 1.5708 9
4.04766 11.3046 5 1.5708 9
14.3861 3.03695 5 1.5708 8
16.0784 4.03412 5 1.5708 8
14.0477 2.83752 5 1.5708 9
14.5342 4.72011 5 1.5708 9
16.4168 4.23355 5 1.5708 9
16.0784 6.57248 5 1.5708 8
14.3861 7.56965 5 1.5708 8
16.4168 6.37305 5 1.5708 9
14.5342 5.88649 5 1.5708 9
14.0477 7.76909 5 1.5708 9
13.5823 14.8497 5 1.5708 8
13.8822 16.9701 5 1.5708 8
13.5223 14.4257 5 1.5708 9
12.248 16.1198 5 1.5708 9
13.9421 17.3941 5 1.5708 9
9.73223 1.76777 5 1.5708 10
10 7.07107 5 1.5708 10
9.73223 8.83883 5 1.5708 10
1.61744 14.7976 5 1.5708 10
12.299 10.0551 5 1.5708 10
61
16.4168 6.37305 16.0784 6.57248
6.41681 9.90858 6.07836 10.108
4.04766 11.3046 4.38611 11.1052
14.0477 7.76909 14.3861 7.56965
16.4168 4.23355 16.0784 4.03412
14.0477 2.83752 14.3861 3.03695
13.9421 17.3941 13.8822 16.9701
13.5223 14.4257 13.5823 14.8497
-1.76777 5.3033 -0.804154 5.036
-1.76777 12.3744 -0.870009 11.9339
4.23223 15.9099 3.35962 15.4215
-0.767767 8.83883 -1.48161 8.13853
-1.76777 12.3744 -1.70036 11.3766
12.2322 8.83883 11.5251 8.13173
4.23223 15.9099 3.23232 15.9232
13.2322 12.3744 12.8589 11.4467
16.4168 6.37305 14.5342 5.88649
14.5342 5.88649 14.0477 7.76909
6.41681 9.90858 4.53422 9.42203
4.53422 9.42203 4.04766 11.3046
14.5342 4.72011 16.4168 4.23355
14.0477 2.83752 14.5342 4.72011
12.248 16.1198 13.9421 17.3941
13.5223 14.4257 12.248 16.1198
9.23223 1.76777 10.7322 0.267767
12.2322 1.76777 10.7322 0.267767
14.2322 19.4454 13.8822 16.9701
12.2322 1.76777 9.73223 1.76777
18.2322 5.3033 16.0784 6.57248
8.23223 8.83883 10 7.07107
12.2322 8.83883 9.73223 8.83883
18.2322 5.3033 16.0784 4.03412
13.2322 12.3744 12.299 10.0551
2.23223 12.3744 1.61744 14.7976
-0.804154 5.036 -2.68738 6.95561
-0.767767 8.83883 -2.68738 6.95561
3.35962 15.4215 5.54013 13.7294
7.23223 15.9099 5.54013 13.7294
4.23223 15.9099 1.51044 15.2194
8.23223 8.83883 10.2322 6.83883
12.2322 8.83883 10.2322 6.83883
5.23223 19.4454 5.99338 16.6844
3.23232 15.9232 5.99338 16.6844
-1.70036 11.3766 -0.232928 13.8418
2.23223 12.3744 -0.232928 13.8418
0.232233 1.76777 1 4.53553
-1.76777 5.3033 1 4.53553
-0.870009 11.9339 -3.3069 13.473
-1.76777 15.9099 -3.3069 13.473
2.23223 12.3744 1.51044 15.2194
-1.48161 8.13853 0.493234 10.3995
-1.76777 12.3744 0.493234 10.3995
17.2322 12.3744 14.5817 14.0972
12.8589 11.4467 14.5817 14.0972
13.2322 12.3744 14.5 9.39949
11.5251 8.13173 14.5 9.39949
4.38611 11.1052 1.61744 14.7976
14.3861 3.03695 9.73223 1.76777
14.3861 7.56965 9.73223 8.83883
6.07836 10.108 10 7.07107
13.5823 14.8497 12.299 10.0551
