20
2 0 5 1.0472 4
9 15 5 1.0472 4
4 11 5 1.0472 4
14 0 5 1.0472 4
19 14 5 1.0472 4
10 8 5 1.0472 4
0 17 5 1.0472 4
11 1 5 1.0472 4
0 14 5 1.0472 4
1 8 5 1.0472 4
14 8 5 1.0472 4
19 12 5 1.0472 4
11 17 5 1.0472 4
13 1 5 1.0472 4
16 19 5 1.0472 4
0 5 5 1.0472 4
6 15 5 1.0472 4
15 13 5 1.0472 4
7 20 5 1.0472 4
20 5 5 1.0472 4
19
14 0 13 1
19 14 19 12
11 1 13 1
9 15 11 17
9 15 6 15
0 17 0 14
1 8 0 5
10 8 14 8
19 14 15 13
4 11 1 8
4 11 6 15
11 17 7 20
4 11 0 14
14 8 15 13
2 0 0 5
11 17 16 19
11 17 15 13
14 8 20 5
14 8 13 1
